input imgaes:tensor([[[[-0.8118, -0.7725, -0.7176,  ..., -0.3961, -0.4431, -0.4667],
          [-0.7961, -0.7647, -0.7176,  ..., -0.3961, -0.4275, -0.4431],
          [-0.7725, -0.7490, -0.7176,  ..., -0.4039, -0.4118, -0.4118],
          ...,
          [-0.7647, -0.7647, -0.7569,  ..., -0.2157, -0.1686, -0.1373],
          [-0.7098, -0.7098, -0.7020,  ..., -0.2627, -0.1686, -0.1059],
          [-0.6784, -0.6784, -0.6706,  ..., -0.2863, -0.1686, -0.0902]],

         [[-0.8510, -0.8196, -0.7647,  ..., -0.5137, -0.5608, -0.5843],
          [-0.8353, -0.8118, -0.7647,  ..., -0.5137, -0.5451, -0.5608],
          [-0.8118, -0.7961, -0.7725,  ..., -0.5216, -0.5294, -0.5294],
          ...,
          [-0.8431, -0.8431, -0.8353,  ..., -0.3176, -0.2627, -0.2314],
          [-0.7961, -0.7882, -0.7804,  ..., -0.3647, -0.2627, -0.2000],
          [-0.7647, -0.7569, -0.7490,  ..., -0.3882, -0.2627, -0.1843]],

         [[-0.8824, -0.8431, -0.7961,  ..., -0.6706, -0.7098, -0.7333],
          [-0.8667, -0.8353, -0.7961,  ..., -0.6706, -0.6941, -0.7098],
          [-0.8510, -0.8275, -0.7961,  ..., -0.6784, -0.6784, -0.6784],
          ...,
          [-0.8588, -0.8588, -0.8588,  ..., -0.4275, -0.3725, -0.3412],
          [-0.8039, -0.8039, -0.8039,  ..., -0.4667, -0.3647, -0.3020],
          [-0.7725, -0.7725, -0.7647,  ..., -0.4902, -0.3569, -0.2784]]]],
       device='cuda:0')