outputs: BaseModelOutputWithPooling(last_hidden_state=tensor([[[ 1.2195, -1.3214, -0.4835,  ..., -0.3586, -1.1208, -1.6763],
         [ 0.2334, -1.6303,  1.0759,  ...,  0.3123, -0.6280, -0.2413],
         [-0.4301, -0.8764,  0.7648,  ...,  1.2145, -0.3547, -0.7366],
         ...,
         [-2.1104,  0.6161, -0.3386,  ..., -0.6609,  0.1690,  1.7718],
         [ 0.4270, -0.4352,  0.2159,  ...,  0.3056, -1.3169, -1.0890],
         [-0.6559, -0.7965,  0.3236,  ..., -1.4116, -0.0521,  2.0430]]],
       device='cuda:0'), pooler_output=tensor([[-0.1186, -0.2222, -0.1889,  ...,  0.0525,  0.2376, -0.1293]],
       device='cuda:0'), hidden_states=(tensor([[[ 0.3503,  0.6482, -0.0122,  ...,  0.4788, -0.0326,  0.0332],
         [ 0.3297,  0.3119,  0.0808,  ...,  0.4293,  0.0702,  0.0905],
         [ 0.2900,  0.1123,  0.1709,  ...,  0.3394,  0.0934,  0.2413],
         ...,
         [ 0.2460,  0.5730,  0.2235,  ...,  0.2336,  0.2945,  0.4129],
         [ 0.2101,  0.6408,  0.1393,  ...,  0.2600,  0.1719,  0.3057],
         [ 0.1651,  0.6673, -0.0322,  ...,  0.1493,  0.0173,  0.4193]]],
       device='cuda:0'), tensor([[[ 0.4853,  0.7955, -0.0304,  ...,  0.6220,  0.1273,  0.1140],
         [ 0.4348,  0.5886, -0.0204,  ...,  0.5382,  0.2511,  0.0328],
         [ 0.3963,  0.2564, -0.0814,  ...,  0.3608,  0.3270,  0.2495],
         ...,
         [ 0.3751,  0.5876,  0.0333,  ...,  0.1568,  0.6591,  0.7355],
         [ 0.4077,  0.8380,  0.0700,  ...,  0.4389,  0.1566,  0.4753],
         [ 0.5004,  1.0001, -0.3826,  ...,  0.2486,  0.1986,  0.6534]]],
       device='cuda:0'), tensor([[[ 0.4926,  0.5616,  0.1971,  ...,  0.2900,  0.1724,  0.2075],
         [ 0.3592,  0.5597,  0.0380,  ...,  0.2495,  0.3390, -0.0043],
         [ 0.3360,  0.1153, -0.1870,  ...,  0.2353,  0.3756,  0.3525],
         ...,
         [ 0.4888,  0.0143,  0.0920,  ..., -0.2067,  0.5233,  0.7753],
         [ 0.4851,  0.3437,  0.0600,  ...,  0.1287,  0.3685,  0.6653],
         [ 0.4599,  0.4287, -0.3718,  ...,  0.0943,  0.0487,  0.3377]]],
       device='cuda:0'), tensor([[[ 0.4644,  0.8614,  0.5126,  ...,  0.2898,  0.1512,  0.0663],
         [ 0.4468,  0.8409,  0.3801,  ...,  0.3986,  0.2647, -0.0879],
         [ 0.4024,  0.2635,  0.0831,  ...,  0.4043,  0.2739,  0.2171],
         ...,
         [ 0.4485, -0.0245,  0.5714,  ...,  0.0246,  0.5036,  0.4035],
         [ 0.5130,  0.4150,  0.4525,  ...,  0.1084,  0.1507,  0.3323],
         [ 0.3734,  0.3575, -0.1744,  ...,  0.4631,  0.0977,  0.3275]]],
       device='cuda:0'), tensor([[[ 0.3049,  0.9155,  0.7223,  ...,  0.6068,  0.3391,  0.1544],
         [ 0.3885,  0.8965,  0.6049,  ...,  0.5982,  0.2730,  0.1317],
         [ 0.3903,  0.3805,  0.3482,  ...,  0.3955,  0.2908,  0.1754],
         ...,
         [ 0.4306, -0.0260,  0.5400,  ...,  0.1486,  0.5038,  0.2638],
         [ 0.4965,  0.3416,  0.3971,  ...,  0.2643,  0.2346,  0.2737],
         [ 0.4006,  0.0977, -0.2829,  ...,  0.5591,  0.1358,  0.2425]]],
       device='cuda:0'), tensor([[[ 0.3414,  0.9549,  0.6153,  ...,  0.5414,  0.5305,  0.4515],
         [ 0.5182,  0.8382,  0.3299,  ...,  0.5216,  0.4938,  0.3729],
         [ 0.3215,  0.5034,  0.2753,  ...,  0.2483,  0.3819,  0.5035],
         ...,
         [ 0.2324,  0.1127,  0.2942,  ...,  0.0797,  0.5528,  0.5120],
         [ 0.4618,  0.4050,  0.3250,  ...,  0.3087,  0.1629,  0.5354],
         [ 0.6165,  0.1990, -0.1044,  ...,  0.4933,  0.2437,  0.4428]]],
       device='cuda:0'), tensor([[[ 0.3554,  0.5586,  0.6142,  ...,  0.6378,  0.4429,  0.6787],
         [ 0.5051,  0.5185,  0.4334,  ...,  0.5482,  0.3455,  0.4634],
         [ 0.3058,  0.3407,  0.5088,  ...,  0.1278,  0.3901,  0.4175],
         ...,
         [ 0.3492,  0.2217,  0.5648,  ...,  0.2126,  0.7146,  0.2467],
         [ 0.5153,  0.3695,  0.5540,  ...,  0.3358,  0.4446,  0.4953],
         [ 0.7754, -0.0014,  0.0923,  ...,  0.5743,  0.3682,  0.6040]]],
       device='cuda:0'), tensor([[[ 0.3845,  0.3179,  0.4386,  ...,  0.3939,  0.3411,  0.3432],
         [ 0.5318,  0.1896,  0.4224,  ...,  0.4161,  0.2963,  0.2063],
         [ 0.2669,  0.2074,  0.8055,  ...,  0.0858,  0.2742,  0.1574],
         ...,
         [ 0.3457,  0.1472,  0.3762,  ...,  0.2528,  0.6577,  0.4567],
         [ 0.2751,  0.3851,  0.3613,  ...,  0.3627,  0.4620,  0.5834],
         [ 0.4819,  0.2825,  0.2894,  ...,  0.5275, -0.0125,  0.6741]]],
       device='cuda:0'), tensor([[[ 0.5242,  0.0804,  0.5547,  ...,  0.0497,  0.4578,  0.2715],
         [ 0.5661, -0.1027,  0.5626,  ...,  0.2133,  0.4789,  0.2463],
         [ 0.3603, -0.1279,  0.7865,  ..., -0.0638,  0.5171,  0.1114],
         ...,
         [ 0.2053, -0.1227,  0.3224,  ..., -0.0831,  0.6894,  0.2134],
         [ 0.1254,  0.1323,  0.3946,  ...,  0.0239,  0.6057,  0.3214],
         [ 0.2793,  0.1280,  0.1450,  ...,  0.2618,  0.1080,  0.2318]]],
       device='cuda:0'), tensor([[[ 0.6189,  0.1399,  0.4744,  ..., -0.0936,  0.6485,  0.4794],
         [ 0.5349,  0.1136,  0.4934,  ...,  0.1765,  0.5791,  0.4564],
         [ 0.3492,  0.1518,  0.6461,  ..., -0.1313,  0.7294,  0.3941],
         ...,
         [ 0.1706,  0.3472,  0.3174,  ..., -0.1869,  0.4754,  0.5141],
         [ 0.0552,  0.4122,  0.3074,  ...,  0.0989,  0.4770,  0.3614],
         [ 0.3090,  0.2690,  0.1731,  ..., -0.0235,  0.0816,  0.2781]]],
       device='cuda:0'), tensor([[[ 0.3462, -0.2984,  0.3326,  ..., -0.0017,  0.3515,  0.4724],
         [ 0.3162, -0.2439,  0.3994,  ...,  0.2714,  0.3822,  0.3583],
         [ 0.1619, -0.2472,  0.4597,  ...,  0.1425,  0.5485,  0.2584],
         ...,
         [-0.0734,  0.1277,  0.3298,  ...,  0.0270,  0.2768,  0.2854],
         [-0.3044, -0.0884,  0.3951,  ...,  0.1249,  0.2472,  0.1079],
         [ 0.1078,  0.1444,  0.2978,  ...,  0.0296,  0.0019,  0.3262]]],
       device='cuda:0'), tensor([[[ 0.1085,  0.0440,  0.4307,  ..., -0.0253,  0.3941,  0.6144],
         [ 0.2018, -0.0586,  0.4773,  ...,  0.3067,  0.5062,  0.4716],
         [ 0.0202, -0.0793,  0.5375,  ...,  0.1333,  0.7364,  0.5616],
         ...,
         [-0.0571,  0.2634,  0.4068,  ...,  0.0616,  0.1846,  0.1908],
         [-0.2931,  0.0167,  0.3002,  ...,  0.1087,  0.5397,  0.3030],
         [ 0.2630,  0.3899,  0.4245,  ...,  0.2164, -0.0136,  0.4033]]],
       device='cuda:0'), tensor([[[ 0.4797,  0.0566,  0.3365,  ..., -0.3230,  0.0518,  0.6400],
         [ 0.3243, -0.0647,  0.4582,  ...,  0.1554,  0.4388,  0.3540],
         [ 0.3437, -0.2356,  0.4270,  ..., -0.1124,  0.5530,  0.5332],
         ...,
         [-0.2118, -0.0291,  0.4143,  ...,  0.0028,  0.2530,  0.3163],
         [ 0.0493, -0.1135,  0.2265,  ..., -0.1994,  0.3422,  0.4298],
         [ 0.0920,  0.1192,  0.4975,  ...,  0.1381,  0.1106,  0.6202]]],
       device='cuda:0'), tensor([[[ 0.3597,  0.1552,  0.2561,  ..., -0.2672,  0.1492,  0.5257],
         [ 0.3558, -0.1003,  0.6471,  ...,  0.0846,  0.4036,  0.3589],
         [ 0.2759, -0.1126,  0.4813,  ..., -0.1554,  0.5440,  0.4993],
         ...,
         [-0.0052, -0.0999,  0.4243,  ..., -0.0972, -0.1344,  0.3995],
         [-0.0905, -0.0605,  0.2200,  ..., -0.0510,  0.0648,  0.3115],
         [ 0.0757, -0.1489,  0.5474,  ...,  0.0208, -0.0772,  0.5524]]],
       device='cuda:0'), tensor([[[ 0.1983, -0.0852,  0.2242,  ..., -0.0857,  0.1630,  0.5222],
         [ 0.1484, -0.6749,  0.8797,  ...,  0.1324,  0.2300,  0.3500],
         [ 0.1755, -0.3552,  0.7669,  ...,  0.0291,  0.6608,  0.5654],
         ...,
         [-0.1418,  0.3894,  0.3611,  ..., -0.2041,  0.0753,  0.1788],
         [-0.1332, -0.1546,  0.1958,  ...,  0.0187,  0.2882,  0.2610],
         [-0.1014, -0.0408,  0.6453,  ...,  0.1751,  0.0723,  0.4682]]],
       device='cuda:0'), tensor([[[ 0.3500, -0.6789, -0.1200,  ..., -0.3341, -0.0529,  0.5575],
         [ 0.0409, -0.9150,  0.7228,  ...,  0.2284,  0.1129,  0.4119],
         [ 0.1822, -0.6491,  0.5649,  ..., -0.0421,  0.4615,  0.6231],
         ...,
         [-0.5686,  0.1566,  0.6655,  ..., -0.4994,  0.2640,  0.4359],
         [ 0.0284, -0.3424, -0.0294,  ..., -0.0648,  0.2564,  0.3534],
         [-0.2510, -0.0930,  0.9924,  ...,  0.1874,  0.3149,  0.4235]]],
       device='cuda:0'), tensor([[[ 0.0397, -0.4319, -0.4840,  ..., -0.5048, -0.0396,  0.2611],
         [-0.1233, -0.7479,  0.5847,  ...,  0.1025,  0.0289,  0.2395],
         [-0.1010, -0.3753,  0.4986,  ..., -0.1065,  0.4585,  0.4387],
         ...,
         [-1.0526,  0.7532,  0.4755,  ..., -0.2358,  0.5525,  0.0385],
         [-0.2659,  0.1647, -0.1843,  ..., -0.2174,  0.3964,  0.0574],
         [-0.5524,  0.2915,  0.9761,  ...,  0.2530,  0.4332,  0.0702]]],
       device='cuda:0'), tensor([[[ 0.6472, -0.5174, -0.2112,  ..., -0.2876,  0.2133,  0.4366],
         [ 0.3490, -1.0218,  0.7019,  ...,  0.2039,  0.2722,  0.3528],
         [ 0.2704, -0.7836,  0.6367,  ..., -0.0226,  0.6527,  0.5599],
         ...,
         [-0.9737,  1.1849,  0.3914,  ...,  0.1259,  1.0414,  0.3541],
         [ 0.0233, -0.0522, -0.1025,  ..., -0.1404,  0.1899,  0.0844],
         [-0.4360, -0.0562,  1.0252,  ...,  0.3321,  0.5195,  0.4161]]],
       device='cuda:0'), tensor([[[ 6.8240e-01, -7.8384e-01,  3.4458e-01,  ..., -1.5376e-01,
          -2.1775e-01, -3.2800e-01],
         [ 7.0816e-02, -9.9936e-01,  1.2155e+00,  ...,  3.3842e-01,
          -2.5615e-02,  3.7373e-01],
         [ 2.1827e-01, -1.1085e+00,  9.9981e-01,  ...,  9.6420e-02,
           4.5790e-01,  3.2813e-01],
         ...,
         [-1.6321e+00,  1.1712e+00, -1.1539e-01,  ...,  2.1548e-01,
           1.1921e+00,  2.3893e-01],
         [ 1.8615e-01, -2.9960e-01,  1.0777e-01,  ...,  1.9947e-01,
           3.1781e-02, -2.0651e-01],
         [-1.0427e+00, -5.5178e-01,  6.8949e-01,  ...,  1.0168e+00,
           8.2513e-01, -1.0892e-03]]], device='cuda:0'), tensor([[[ 0.8643, -0.7841,  0.1637,  ..., -0.5387, -0.1994, -0.2016],
         [ 0.5428, -1.1095,  0.9266,  ..., -0.0185, -0.3731,  0.4882],
         [ 0.3956, -1.4992,  0.8000,  ..., -0.2434,  0.3490,  0.4964],
         ...,
         [-1.7557,  1.9895, -0.5062,  ...,  0.2055,  0.6735,  0.2378],
         [ 0.4596, -0.2258, -0.1010,  ..., -0.1874,  0.1346, -0.1807],
         [ 0.0567, -0.0734, -0.2389,  ...,  0.5999,  0.6589,  0.4475]]],
       device='cuda:0'), tensor([[[ 0.4358, -0.8004,  0.2510,  ..., -0.6712,  0.2295, -0.3115],
         [ 0.1990, -1.4266,  1.0839,  ...,  0.0045, -0.1119,  0.3549],
         [ 0.3905, -1.4959,  1.0377,  ..., -0.4168,  0.6851,  0.4912],
         ...,
         [-2.7409,  2.6970, -0.2462,  ..., -0.8273,  1.5571,  1.3788],
         [-0.1201, -0.1626, -0.0114,  ..., -0.5002,  0.6431, -0.2060],
         [-0.6605,  0.4631, -0.4178,  ..., -0.3044,  1.1027,  0.5003]]],
       device='cuda:0'), tensor([[[ 0.5651, -0.9747, -0.1453,  ...,  0.1289,  0.1629, -0.2098],
         [-0.2679, -1.5760,  1.0997,  ..., -0.1500,  0.1975,  0.5704],
         [ 0.5147, -1.8946,  1.5336,  ...,  0.6848,  0.4900,  0.4566],
         ...,
         [-2.2265,  2.8559, -1.0380,  ..., -1.4376,  1.2900,  1.7207],
         [-0.1161, -0.3322, -0.1519,  ..., -0.2046,  0.6666,  0.0643],
         [-0.8576,  0.0901, -0.7402,  ..., -1.0664,  1.3631,  1.6178]]],
       device='cuda:0'), tensor([[[-0.0035, -1.0796, -0.0309,  ..., -0.2324, -0.1982, -1.0616],
         [-0.8929, -1.8280,  1.6825,  ...,  0.3819, -0.1204, -0.0938],
         [ 0.0910, -1.8130,  1.1423,  ...,  1.4582,  0.8439, -0.8450],
         ...,
         [-2.6482,  2.7223, -0.5343,  ..., -0.8192,  2.0512,  1.3560],
         [-1.0024, -0.4424,  0.3614,  ..., -0.2843,  0.0307, -0.9770],
         [-1.2029, -0.1553, -0.0173,  ..., -0.8349,  1.0799,  1.6074]]],
       device='cuda:0'), tensor([[[ 1.1319, -1.6060, -0.1236,  ..., -0.0071, -1.3984, -2.3114],
         [-0.3273, -2.1075,  2.6233,  ...,  0.2213,  0.0476,  0.4174],
         [-0.6481, -1.3103,  2.0828,  ...,  2.8785,  1.2928, -0.9518],
         ...,
         [-2.5189,  2.2045, -0.2234,  ..., -1.0358,  1.8167,  2.0670],
         [ 0.0866, -0.9160,  0.4358,  ...,  0.6848, -1.8252, -1.1633],
         [-1.7353, -0.8360,  0.4398,  ..., -1.4068,  0.9245,  3.0708]]],
       device='cuda:0'), tensor([[[ 1.7160, -2.0097, -0.5328,  ..., -0.4684, -1.4053, -2.8289],
         [ 0.0547, -2.9046,  2.3367,  ...,  0.7089, -0.7075, -0.4484],
         [-1.2710, -1.6210,  1.8325,  ...,  2.5941, -0.2192, -1.5309],
         ...,
         [-3.8538,  1.1380, -0.3508,  ..., -1.0604,  0.7216,  3.1264],
         [ 0.2817, -0.5846,  0.4957,  ...,  0.5056, -1.6455, -1.7136],
         [-1.6127, -1.3903,  0.7034,  ..., -2.5767,  0.2368,  3.6244]]],
       device='cuda:0')), attentions=None)
last_hidden_state:torch.Size([1, 576, 1024])
Outputs Attributes (dir()): ['__annotations__', '__class__', '__class_getitem__', '__contains__', '__dataclass_fields__', '__dataclass_params__', '__delattr__', '__delitem__', '__dict__', '__dir__', '__doc__', '__eq__', '__format__', '__ge__', '__getattribute__', '__getitem__', '__gt__', '__hash__', '__init__', '__init_subclass__', '__ior__', '__iter__', '__le__', '__len__', '__lt__', '__match_args__', '__module__', '__ne__', '__new__', '__or__', '__post_init__', '__reduce__', '__reduce_ex__', '__repr__', '__reversed__', '__ror__', '__setattr__', '__setitem__', '__sizeof__', '__str__', '__subclasshook__', 'attentions', 'clear', 'copy', 'fromkeys', 'get', 'hidden_states', 'items', 'keys', 'last_hidden_state', 'move_to_end', 'pooler_output', 'pop', 'popitem', 'setdefault', 'to_tuple', 'update', 'values']
Has last_hidden_state: True
Has pooler_output: True
